CLUSTER-1 { size: 97, 1, 21, 34, 37, 51, 56, 63, 68, 69, 75, 81, 88, 95, 108, 114, 118, 119, 121, 156, 169, 192, 206, 209, 210, 216, 229, 232, 234, 246, 249, 260, 283, 293, 296, 303, 320, 326, 359, 399, 427, 429, 435, 440, 451, 453, 458, 462, 464, 473, 489, 519, 524, 526, 527, 542, 577, 582, 596, 603, 612, 633, 639, 656, 662, 666, 667, 668, 669, 689, 702, 709, 712, 733, 743, 745, 776, 781, 787, 790, 818, 825, 849, 859, 860, 869, 872, 889, 903, 927, 943, 949, 952, 957, 965, 979, 984, 997}
CLUSTER-2 { size: 116, 3, 6, 8, 14, 23, 24, 40, 59, 67, 70, 72, 77, 78, 99, 102, 104, 105, 112, 113, 124, 128, 134, 152, 174, 177, 184, 200, 201, 205, 208, 211, 224, 231, 248, 251, 269, 270, 276, 290, 309, 310, 315, 345, 351, 355, 357, 358, 366, 382, 394, 397, 398, 406, 408, 416, 443, 447, 450, 454, 455, 466, 470, 475, 484, 491, 492, 507, 508, 510, 533, 535, 538, 552, 553, 556, 572, 573, 587, 593, 604, 609, 618, 637, 638, 648, 671, 676, 678, 691, 698, 710, 711, 738, 747, 765, 779, 780, 783, 809, 821, 833, 835, 838, 870, 871, 891, 905, 919, 920, 941, 951, 959, 961, 978, 982, 993}
CLUSTER-3 { size: 99, 5, 16, 25, 28, 76, 82, 109, 117, 120, 122, 143, 159, 161, 171, 178, 180, 187, 189, 190, 199, 213, 220, 233, 252, 253, 262, 268, 277, 308, 317, 318, 325, 339, 347, 360, 365, 375, 378, 381, 385, 390, 391, 400, 410, 432, 444, 448, 457, 472, 476, 477, 493, 515, 530, 548, 551, 555, 558, 563, 568, 570, 584, 588, 591, 619, 642, 646, 650, 657, 664, 673, 674, 684, 688, 693, 696, 713, 714, 716, 732, 774, 801, 807, 813, 814, 830, 844, 854, 862, 863, 866, 873, 893, 907, 917, 931, 938, 946, 989}
CLUSTER-4 { size: 93, 7, 10, 12, 27, 30, 44, 49, 50, 74, 86, 98, 107, 111, 130, 135, 136, 149, 157, 179, 181, 198, 203, 207, 215, 228, 235, 242, 250, 254, 255, 279, 281, 291, 298, 321, 327, 330, 341, 356, 361, 392, 405, 425, 433, 452, 459, 479, 486, 490, 495, 500, 509, 540, 546, 549, 557, 561, 574, 581, 613, 629, 643, 645, 659, 670, 675, 695, 715, 731, 752, 760, 767, 789, 808, 811, 840, 843, 856, 857, 861, 867, 874, 875, 878, 890, 895, 909, 953, 966, 975, 983, 992, 998}
CLUSTER-5 { size: 105, 2, 9, 20, 26, 53, 58, 60, 61, 64, 89, 92, 115, 127, 131, 139, 142, 150, 163, 164, 166, 194, 217, 222, 237, 257, 271, 272, 275, 289, 292, 294, 297, 314, 329, 336, 338, 342, 354, 363, 369, 372, 373, 379, 380, 402, 412, 413, 414, 438, 442, 461, 481, 531, 541, 564, 569, 576, 585, 590, 605, 606, 616, 647, 655, 661, 663, 677, 680, 682, 692, 697, 700, 706, 717, 718, 729, 742, 746, 749, 754, 797, 804, 828, 834, 842, 847, 848, 850, 851, 855, 877, 882, 894, 896, 897, 906, 914, 926, 937, 945, 967, 987, 988, 990, 991}
CLUSTER-6 { size: 92, 0, 11, 35, 47, 65, 100, 132, 138, 145, 173, 175, 182, 191, 219, 236, 239, 244, 259, 266, 273, 278, 284, 287, 306, 316, 328, 332, 335, 376, 396, 403, 407, 417, 420, 437, 463, 474, 480, 496, 502, 504, 512, 513, 514, 516, 523, 537, 543, 544, 554, 579, 610, 614, 620, 622, 625, 635, 652, 653, 679, 690, 699, 719, 722, 748, 751, 757, 768, 771, 775, 778, 799, 805, 815, 832, 836, 837, 845, 879, 886, 899, 912, 915, 916, 921, 924, 947, 956, 960, 964, 970, 985}
CLUSTER-7 { size: 94, 13, 18, 32, 36, 39, 62, 66, 73, 83, 90, 93, 106, 126, 129, 147, 151, 155, 165, 186, 204, 218, 221, 238, 241, 256, 261, 274, 286, 299, 302, 311, 323, 331, 367, 388, 395, 401, 421, 430, 431, 449, 465, 488, 494, 498, 506, 534, 536, 547, 565, 578, 592, 597, 598, 607, 623, 630, 649, 658, 660, 665, 672, 681, 701, 721, 735, 737, 739, 759, 762, 770, 785, 794, 802, 810, 816, 829, 841, 846, 852, 881, 892, 901, 910, 922, 939, 944, 955, 958, 973, 977, 986, 996, 999}
CLUSTER-8 { size: 117, 15, 29, 38, 42, 52, 71, 79, 84, 91, 96, 101, 103, 123, 140, 141, 148, 158, 168, 185, 193, 196, 212, 214, 223, 230, 243, 258, 263, 288, 301, 305, 307, 324, 337, 340, 349, 353, 370, 371, 377, 384, 387, 411, 422, 426, 436, 446, 467, 468, 478, 483, 497, 505, 511, 518, 521, 522, 560, 562, 567, 586, 599, 608, 611, 617, 624, 632, 634, 636, 640, 644, 651, 654, 683, 686, 703, 723, 724, 728, 730, 750, 753, 773, 786, 795, 798, 803, 819, 820, 824, 839, 853, 868, 880, 883, 884, 888, 898, 904, 908, 911, 918, 928, 933, 934, 936, 942, 948, 950, 954, 962, 968, 969, 971, 981, 994, 995}
CLUSTER-9 { size: 87, 17, 31, 41, 46, 55, 85, 94, 97, 125, 137, 144, 146, 160, 188, 197, 202, 225, 240, 245, 265, 295, 300, 312, 333, 343, 348, 352, 368, 386, 393, 404, 415, 418, 439, 445, 456, 469, 485, 499, 503, 517, 528, 532, 539, 545, 559, 571, 575, 594, 602, 615, 627, 628, 685, 694, 705, 708, 720, 725, 726, 734, 736, 740, 756, 758, 761, 766, 769, 777, 784, 791, 792, 796, 817, 823, 831, 858, 865, 876, 885, 913, 923, 925, 935, 963, 972, 976}
CLUSTER-10 { size: 100, 4, 19, 22, 33, 43, 45, 48, 54, 57, 80, 87, 110, 116, 133, 153, 154, 162, 167, 170, 172, 176, 183, 195, 226, 227, 247, 264, 267, 280, 282, 285, 304, 313, 319, 322, 334, 344, 346, 350, 362, 364, 374, 383, 389, 409, 419, 423, 424, 428, 434, 441, 460, 471, 482, 487, 501, 520, 525, 529, 550, 566, 580, 583, 589, 595, 600, 601, 621, 626, 631, 641, 687, 704, 707, 727, 741, 744, 755, 763, 764, 772, 782, 788, 793, 800, 806, 812, 822, 826, 827, 864, 887, 900, 902, 929, 930, 932, 940, 974, 980}
